{
 "cells": [
  {
   "cell_type": "code",
   "execution_count": 2,
   "id": "a685d3a6",
   "metadata": {},
   "outputs": [],
   "source": [
    "import pandas as pd\n",
    "import numpy as np\n",
    "import matplotlib.pyplot as plt\n",
    "import seaborn as sns\n",
    "plt.rcParams['font.sans-serif']='SimHei'\n",
    "plt.rcParams['axes.unicode_minus']=False\n",
    "# 计算高钾和铅钡的pearson系数\n",
    "data1 = pd.read_excel('work4.xlsx')\n",
    "data2 = pd.read_excel('work5.xlsx')"
   ]
  },
  {
   "cell_type": "code",
   "execution_count": 4,
   "id": "7d8403d3",
   "metadata": {
    "scrolled": true
   },
   "outputs": [
    {
     "name": "stdout",
     "output_type": "stream",
     "text": [
      "             二氧化硅(SiO2)  氧化钠(Na2O)  氧化钾(K2O)  氧化钙(CaO)  氧化镁(MgO)  氧化铝(Al2O3)  \\\n",
      "二氧化硅(SiO2)     1.000000  -0.457198 -0.876793 -0.822889 -0.602978   -0.830732   \n",
      "氧化钠(Na2O)     -0.457198   1.000000  0.554220  0.620628 -0.244731    0.344563   \n",
      "氧化钾(K2O)      -0.876793   0.554220  1.000000  0.759379  0.386963    0.590856   \n",
      "氧化钙(CaO)      -0.822889   0.620628  0.759379  1.000000  0.205060    0.536369   \n",
      "氧化镁(MgO)      -0.602978  -0.244731  0.386963  0.205060  1.000000    0.697763   \n",
      "氧化铝(Al2O3)    -0.830732   0.344563  0.590856  0.536369  0.697763    1.000000   \n",
      "氧化铁(Fe2O3)    -0.687378  -0.023046  0.335781  0.457084  0.594784    0.689465   \n",
      "氧化铜(CuO)      -0.465189  -0.022229  0.250670  0.423472  0.140693    0.209659   \n",
      "氧化铅(PbO)      -0.398057   0.359165  0.275214  0.367660  0.166376    0.422439   \n",
      "氧化钡(BaO)      -0.344856  -0.213569  0.092629  0.078330  0.427346    0.380576   \n",
      "五氧化二磷(P2O5)   -0.447796  -0.185782  0.171173 -0.031251  0.650444    0.676068   \n",
      "氧化锶(SrO)      -0.525401  -0.181886  0.420829  0.034659  0.712132    0.594892   \n",
      "氧化锡(SnO2)      0.048581  -0.106211  0.141920 -0.290069  0.261207   -0.162773   \n",
      "二氧化硫(SO2)     -0.357223  -0.194330  0.332395  0.428980  0.407564    0.146829   \n",
      "\n",
      "             氧化铁(Fe2O3)  氧化铜(CuO)  氧化铅(PbO)  氧化钡(BaO)  五氧化二磷(P2O5)  氧化锶(SrO)  \\\n",
      "二氧化硅(SiO2)    -0.687378 -0.465189 -0.398057 -0.344856    -0.447796 -0.525401   \n",
      "氧化钠(Na2O)     -0.023046 -0.022229  0.359165 -0.213569    -0.185782 -0.181886   \n",
      "氧化钾(K2O)       0.335781  0.250670  0.275214  0.092629     0.171173  0.420829   \n",
      "氧化钙(CaO)       0.457084  0.423472  0.367660  0.078330    -0.031251  0.034659   \n",
      "氧化镁(MgO)       0.594784  0.140693  0.166376  0.427346     0.650444  0.712132   \n",
      "氧化铝(Al2O3)     0.689465  0.209659  0.422439  0.380576     0.676068  0.594892   \n",
      "氧化铁(Fe2O3)     1.000000  0.525686  0.150923  0.451793     0.765134  0.590544   \n",
      "氧化铜(CuO)       0.525686  1.000000  0.164654  0.520856     0.213344  0.186849   \n",
      "氧化铅(PbO)       0.150923  0.164654  1.000000  0.631791    -0.014095  0.188255   \n",
      "氧化钡(BaO)       0.451793  0.520856  0.631791  1.000000     0.377622  0.565244   \n",
      "五氧化二磷(P2O5)    0.765134  0.213344 -0.014095  0.377622     1.000000  0.740587   \n",
      "氧化锶(SrO)       0.590544  0.186849  0.188255  0.565244     0.740587  1.000000   \n",
      "氧化锡(SnO2)     -0.219301 -0.360503 -0.133216 -0.118282     0.064636  0.240218   \n",
      "二氧化硫(SO2)      0.232485  0.301289 -0.243740 -0.216415    -0.021063 -0.048540   \n",
      "\n",
      "             氧化锡(SnO2)  二氧化硫(SO2)  \n",
      "二氧化硅(SiO2)    0.048581  -0.357223  \n",
      "氧化钠(Na2O)    -0.106211  -0.194330  \n",
      "氧化钾(K2O)      0.141920   0.332395  \n",
      "氧化钙(CaO)     -0.290069   0.428980  \n",
      "氧化镁(MgO)      0.261207   0.407564  \n",
      "氧化铝(Al2O3)   -0.162773   0.146829  \n",
      "氧化铁(Fe2O3)   -0.219301   0.232485  \n",
      "氧化铜(CuO)     -0.360503   0.301289  \n",
      "氧化铅(PbO)     -0.133216  -0.243740  \n",
      "氧化钡(BaO)     -0.118282  -0.216415  \n",
      "五氧化二磷(P2O5)   0.064636  -0.021063  \n",
      "氧化锶(SrO)      0.240218  -0.048540  \n",
      "氧化锡(SnO2)     1.000000  -0.107627  \n",
      "二氧化硫(SO2)    -0.107627   1.000000  \n"
     ]
    }
   ],
   "source": [
    "print(data.corr())"
   ]
  },
  {
   "cell_type": "code",
   "execution_count": null,
   "id": "84e0c513",
   "metadata": {},
   "outputs": [],
   "source": []
  }
 ],
 "metadata": {
  "kernelspec": {
   "display_name": "Python 3",
   "language": "python",
   "name": "python3"
  },
  "language_info": {
   "codemirror_mode": {
    "name": "ipython",
    "version": 3
   },
   "file_extension": ".py",
   "mimetype": "text/x-python",
   "name": "python",
   "nbconvert_exporter": "python",
   "pygments_lexer": "ipython3",
   "version": "3.8.8"
  }
 },
 "nbformat": 4,
 "nbformat_minor": 5
}
